# Rotation matrices: 100 entries, row-major flattening of 3x3 -> 1x9 
0.02389345 0.99000000 -0.13902914 -0.99000000 0.04277149 0.13442693 0.13902914 0.13442693 0.98112196
-0.19220438 0.97000000 0.14885388 -0.97000000 -0.16477482 -0.17874355 -0.14885388 -0.17874355 0.97257044
0.31118378 0.95000000 0.02578094 -0.95000000 0.31169069 -0.01867922 -0.02578094 -0.01867922 0.99949309
-0.24960208 0.93000000 -0.26981253 -0.93000000 -0.15258848 0.33439013 0.26981253 0.33439013 0.90298640
0.00202257 0.91000000 0.41460332 -0.91000000 0.17357151 -0.37652746 -0.41460332 -0.37652746 0.82845106
0.30635311 0.89000000 -0.33770959 -0.89000000 0.39365552 0.23007680 0.33770959 0.23007680 0.91269759
-0.49094772 0.87000000 0.04550092 -0.87000000 -0.48688069 -0.07776373 -0.04550092 -0.07776373 0.99593296
0.41961372 0.85000000 0.31847186 -0.85000000 0.49105874 -0.19068643 -0.31847186 -0.19068643 0.92855499
-0.09983049 0.83000000 -0.54875666 -0.83000000 0.23469970 0.50598029 0.54875666 0.50598029 0.66546981
-0.31233583 0.81000000 0.49633288 -0.81000000 0.04590056 -0.58463077 -0.49633288 -0.58463077 0.64176361
0.59130302 0.79000000 -0.16205164 -0.79000000 0.60780568 0.08045030 0.16205164 0.08045030 0.98349734
-0.56765891 0.77000000 -0.29131318 -0.77000000 -0.37137091 0.51882911 0.29131318 0.51882911 0.80371200
0.22992691 0.75000000 0.62018837 -0.75000000 0.54265575 -0.37818611 -0.62018837 -0.37818611 0.68727116
0.25768873 0.73000000 -0.63300594 -0.73000000 0.57628626 0.36741550 0.63300594 0.36741550 0.68140247
-0.63635597 0.71000000 0.30158097 -0.71000000 -0.38624577 -0.58882443 -0.30158097 -0.58882443 0.74988980
0.69168146 0.69000000 0.21325279 -0.69000000 0.71856404 -0.08698116 -0.21325279 -0.08698116 0.97311743
-0.37535437 0.67000000 -0.64047568 -0.67000000 0.28135254 0.68697944 0.64047568 0.68697944 0.34329310
-0.15954999 0.65000000 0.74299650 -0.65000000 0.49729312 -0.57462993 -0.74299650 -0.57462993 0.34315689
0.63311690 0.63000000 -0.44973659 -0.63000000 0.75696780 0.17349282 0.44973659 0.17349282 0.87614910
-0.78631833 0.61000000 -0.09799734 -0.61000000 -0.74137541 0.27975436 0.09799734 0.27975436 0.95505708
0.52333415 0.59000000 0.61483443 -0.59000000 0.77148809 -0.23813049 -0.61483443 -0.23813049 0.75184606
0.02994338 0.57000000 -0.82109889 -0.57000000 0.68454577 0.45441951 0.82109889 0.45441951 0.34539761
-0.58621350 0.55000000 0.59485606 -0.55000000 0.26894667 -0.79067546 -0.59485606 -0.79067546 0.14483983
0.84689133 0.53000000 -0.04330212 -0.53000000 0.84790659 0.01242635 0.04330212 0.01242635 0.99898474
-0.66310854 0.51000000 -0.54789330 -0.51000000 0.22794125 0.82942317 0.54789330 0.82942317 0.10895021
0.12045470 0.49000000 0.86336010 -0.49000000 0.78571200 -0.37756676 -0.86336010 -0.37756676 0.33474271
0.50057838 0.47000000 -0.72699470 -0.47000000 0.85279010 0.22770387 0.72699470 0.22770387 0.64778828
-0.87028704 0.45000000 0.20025101 -0.45000000 -0.56113930 -0.69471051 -0.20025101 -0.69471051 0.69085226
0.78551709 0.43000000 0.44504258 -0.43000000 0.89644456 -0.10717809 -0.44504258 -0.10717809 0.88907253
-0.28145031 0.41000000 -0.86757462 -0.41000000 0.76605654 0.49503270 0.86757462 0.49503270 -0.04750685
-0.38212811 0.39000000 0.83778166 -0.39000000 0.75383246 -0.52880678 -0.83778166 -0.52880678 -0.13596058
0.85524706 0.37000000 -0.36283945 -0.37000000 0.92620929 0.07236265 0.36283945 0.07236265 0.92903777
-0.88300221 0.35000000 -0.31274126 -0.35000000 -0.04702832 0.93556846 0.31274126 0.93556846 0.16402611
0.44324004 0.33000000 0.83344962 -0.33000000 0.92454478 -0.19057008 -0.83344962 -0.19057008 0.51869526
0.23784577 0.31000000 -0.92050496 -0.31000000 0.92236513 0.23052673 0.92050496 0.23052673 0.31548065
-0.80244634 0.29000000 0.52151689 -0.29000000 0.57429287 -0.76556365 -0.52151689 -0.76556365 -0.37673921
0.94973270 0.27000000 0.15845442 -0.27000000 0.96261026 -0.02194285 -0.15845442 -0.02194285 0.98712244
-0.59658721 0.25000000 -0.76261635 -0.25000000 0.84507184 0.47260298 0.76261635 0.47260298 -0.44165905
-0.07561933 0.23000000 0.97024828 -0.23000000 0.94277249 -0.24141256 -0.97024828 -0.24141256 -0.01839182
0.71444884 0.21000000 -0.66743004 -0.21000000 0.97427745 0.08175240 0.66743004 0.08175240 0.74017139
-0.98173736 0.19000000 0.00957872 -0.19000000 -0.97671335 -0.09965461 -0.00957872 -0.09965461 0.99497598
0.73309565 0.17000000 0.65853684 -0.17000000 0.98332464 -0.06459612 -0.65853684 -0.06459612 0.74977101
-0.09604160 0.15000000 -0.98401017 -0.15000000 0.97510947 0.16328354 0.98401017 0.16328354 -0.07115107
-0.59556992 0.13000000 0.79271462 -0.13000000 0.95821280 -0.25481018 -0.79271462 -0.25481018 -0.55378272
0.97700217 0.11000000 -0.18266570 -0.11000000 0.99387962 0.01016348 0.18266570 0.01016348 0.98312255
-0.84550645 0.09000000 -0.52632580 -0.09000000 0.94757063 0.30661035 0.52632580 0.30661035 -0.79307707
0.26835400 0.07000000 0.96077372 -0.07000000 0.99613673 -0.05302476 -0.96077372 -0.05302476 0.27221727
0.45166111 0.05000000 -0.89078743 -0.05000000 0.99827783 0.03068166 0.89078743 0.03068166 0.45338328
-0.93550849 0.03000000 0.35202821 -0.03000000 0.98604467 -0.16375561 -0.35202821 -0.16375561 -0.92155317
0.92797779 0.01000000 0.37250130 -0.01000000 0.99994813 -0.00193208 -0.37250130 -0.00193208 0.92802966
-0.43264093 -0.01000000 -0.90151086 0.01000000 0.99982374 -0.01588960 0.90151086 -0.01588960 -0.43246467
-0.28982987 -0.03000000 0.95660789 0.03000000 0.99873270 0.04041037 -0.95660789 0.04041037 -0.28856256
0.85920206 -0.05000000 -0.50918742 0.05000000 0.99865534 -0.01369371 0.50918742 -0.01369371 0.86054672
-0.97632337 -0.07000000 -0.20467702 0.07000000 0.79304490 -0.60512791 0.20467702 -0.60512791 -0.76936827
0.58071714 -0.09000000 0.80911532 0.09000000 0.99487574 0.04606794 -0.80911532 0.04606794 0.58584140
0.11810793 -0.11000000 -0.98688931 0.11000000 0.98917815 -0.09709065 0.98688931 -0.09709065 0.12892978
-0.75188994 -0.13000000 0.64634473 0.13000000 0.93188507 0.33865945 -0.64634473 0.33865945 -0.68377501
0.98819325 -0.15000000 0.03121060 0.15000000 0.98868319 0.00235470 -0.03121060 0.00235470 0.99951006
-0.70526031 -0.17000000 -0.68826440 0.17000000 0.90194737 -0.39697725 0.68826440 -0.39697725 -0.60720769
0.05491636 -0.19000000 0.98024701 0.19000000 0.96577928 0.17655137 -0.98024701 0.17655137 0.08913708
0.61906861 -0.21000000 -0.75673910 0.21000000 0.97276212 -0.09815224 0.75673910 -0.09815224 0.64630649
-0.96318745 -0.23000000 0.13917594 0.23000000 -0.43700980 0.86955301 -0.13917594 0.86955301 0.47382235
0.80015011 -0.25000000 0.54521537 0.25000000 0.96528067 0.07571804 -0.54521537 0.07571804 0.83486944
-0.22048487 -0.27000000 -0.93727606 0.27000000 0.90648033 -0.32464352 0.93727606 -0.32464352 -0.12696520
-0.46769133 -0.29000000 0.83496396 0.29000000 0.84200896 0.45488560 -0.83496396 0.45488560 -0.30970029
0.90289750 -0.31000000 -0.29778533 0.31000000 0.94949807 -0.04851205 0.29778533 -0.04851205 0.95339943
-0.86075957 -0.33000000 -0.38754737 0.33000000 0.21789957 -0.91848777 0.38754737 -0.91848777 -0.07865914
0.37005619 -0.35000000 0.86055704 0.35000000 0.91058761 0.21984132 -0.86055704 0.21984132 0.45946858
0.92903175 -0.37000000 0.00000000 0.37000000 0.92903175 0.00000000 0.00000000 0.00000000 1.00000000
-0.67898022 -0.39000000 -0.62200150 0.39000000 0.52619742 -0.75565619 0.62200150 -0.75565619 -0.20517764
0.07973974 -0.41000000 0.90859318 0.41000000 0.84431433 0.34501204 -0.90859318 0.34501204 0.23542540
0.54931618 -0.43000000 -0.71648568 0.43000000 0.88065703 -0.19885473 0.71648568 -0.19885473 0.66865915
-0.87937726 -0.45000000 0.15554946 0.45000000 -0.67878794 0.58029900 -0.15554946 0.58029900 0.79941068
0.74475446 -0.47000000 0.47375183 0.47000000 0.87339193 0.12761874 -0.47375183 0.12761874 0.87136253
-0.22630290 -0.49000000 -0.84183549 0.49000000 0.68967184 -0.53315359 0.84183549 -0.53315359 0.08402527
-0.39646042 -0.51000000 0.76336042 0.51000000 0.56904235 0.64505101 -0.76336042 0.64505101 0.03449723
0.79654224 -0.53000000 -0.29089595 0.53000000 0.84364409 -0.08581755 0.29089595 -0.08581755 0.95289816
-0.77198074 -0.55000000 -0.31866243 0.55000000 -0.32664230 -0.76863828 0.31866243 -0.76863828 0.55466156
0.34825081 -0.57000000 0.74419176 0.57000000 0.75902110 0.31462195 -0.74419176 0.31462195 0.58922971
0.24164276 -0.59000000 -0.77039521 0.59000000 0.71964561 -0.36607403 0.77039521 -0.36607403 0.52199715
-0.68559459 -0.61000000 0.39731608 0.61000000 -0.18350379 0.77086079 -0.39731608 0.77086079 0.49790921
0.75848165 -0.63000000 0.16675006 0.63000000 0.77429392 0.05974048 -0.16675006 0.05974048 0.98418773
-0.43706053 -0.65000000 -0.62167362 0.65000000 0.24947526 -0.71781759 0.62167362 -0.71781759 0.31346421
-0.09540134 -0.67000000 0.73620553 0.67000000 0.50375783 0.54527795 -0.73620553 0.54527795 0.40084083
0.55346011 -0.69000000 -0.46645676 0.69000000 0.69352287 -0.20718599 0.46645676 -0.20718599 0.85993724
-0.70360033 -0.71000000 -0.02909608 0.71000000 -0.70074411 -0.06969717 0.02909608 -0.06969717 0.99714378
0.48444744 -0.73000000 0.48208991 0.73000000 0.64101120 0.23707517 -0.48208991 0.23707517 0.84343624
-0.03055277 -0.75000000 -0.66073181 0.75000000 0.41977244 -0.51116641 0.66073181 -0.51116641 0.54967479
-0.40880055 -0.77000000 0.48987969 0.77000000 -0.00287644 0.63803740 -0.48987969 0.63803740 0.59407589
0.60763144 -0.79000000 -0.08175595 0.79000000 0.61178913 -0.04017538 0.08175595 -0.04017538 0.99584231
-0.48137585 -0.81000000 -0.33492878 0.81000000 -0.26507800 -0.52310004 0.33492878 -0.52310004 0.78370215
0.12241867 -0.83000000 0.54416327 0.83000000 0.38623616 0.40239487 -0.54416327 0.40239487 0.73618252
0.26190628 -0.85000000 -0.45706138 0.85000000 0.42745352 -0.30786927 0.45706138 -0.30786927 0.83445276
-0.46972681 -0.87000000 0.14985567 0.87000000 -0.42737747 0.24586276 -0.14985567 0.24586276 0.95765066
0.41391692 -0.89000000 0.19124012 0.89000000 0.43978321 0.12037744 -0.19124012 0.12037744 0.97413371
-0.16006411 -0.91000000 -0.38246501 0.91000000 0.01409142 -0.41436871 0.38246501 -0.41436871 0.82584447
-0.12440136 -0.93000000 0.34586746 0.93000000 0.01221866 0.36735637 -0.34586746 0.36735637 0.86337998
0.27640031 -0.95000000 -0.14526826 0.95000000 0.29293342 -0.10812035 0.14526826 -0.10812035 0.98346689
-0.23507516 -0.97000000 -0.06196506 0.97000000 -0.23005549 -0.07857779 0.06196506 -0.07857779 0.99498033
0.07629455 -0.99000000 0.11865556 0.99000000 0.08937567 0.10914206 -0.11865556 0.10914206 0.98691888
