# Rotation matrices: 40 entries, row-major flattening of 3x3 -> 1x9 
-0.22125665 0.97500000 0.02050602 -0.97500000 -0.22071668 -0.02567388 -0.02050602 -0.02567388 0.99946003
0.30266638 0.92500000 0.22971299 -0.92500000 0.34317412 -0.16311507 -0.22971299 -0.16311507 0.95949227
0.48412292 0.87500000 0.00000000 -0.87500000 0.48412292 -0.00000000 -0.00000000 0.00000000 1.00000000
-0.41671129 0.82500000 -0.38174167 -0.82500000 -0.16687497 0.53993309 0.38174167 0.53993309 0.75016368
0.05524967 0.77500000 0.62954148 -0.77500000 0.43082190 -0.46234996 -0.62954148 -0.46234996 0.62442777
0.41906158 0.72500000 -0.54659162 -0.72500000 0.62959676 0.27925421 0.54659162 0.27925421 0.78946481
-0.72653907 0.67500000 0.12851453 -0.67500000 -0.66614293 -0.31722011 -0.12851453 -0.31722011 0.93960386
0.65865627 0.62500000 0.41898320 -0.62500000 0.76449310 -0.15787750 -0.41898320 -0.15787750 0.89416317
-0.21239615 0.57500000 -0.79010308 -0.57500000 0.58021409 0.57682459 0.79010308 0.57682459 0.20738976
-0.39227899 0.52500000 0.75530933 -0.52500000 0.54646129 -0.65249909 -0.75530933 -0.65249909 0.06125971
0.82658940 0.47500000 -0.30186912 -0.47500000 0.87647744 0.07850031 0.30186912 0.07850031 0.95011196
-0.83671145 0.42500000 -0.34538232 -0.42500000 -0.10617064 0.89894538 0.34538232 0.89894538 0.26945919
0.39291575 0.37500000 0.83963814 -0.37500000 0.89904271 -0.22604691 -0.83963814 -0.22604691 0.49387304
0.28303695 0.32500000 -0.90236638 -0.32500000 0.91767579 0.22857415 0.90236638 0.22857415 0.36536115
-0.83185232 0.27500000 0.48207542 -0.27500000 0.55024654 -0.78841851 -0.48207542 -0.78841851 -0.38209886
0.95163260 0.22500000 0.20921376 -0.22500000 0.97406018 -0.02411986 -0.20921376 -0.02411986 0.97757242
-0.56625428 0.17500000 -0.80543845 -0.17500000 0.92939412 0.32496396 0.80543845 0.32496396 -0.49564840
-0.12750275 0.12500000 0.98392990 -0.12500000 0.98209163 -0.14096461 -0.98392990 -0.14096461 -0.10959438
0.76249539 0.07500000 -0.64263192 -0.07500000 0.99680850 0.02734611 0.64263192 0.02734611 0.76568689
-0.99883377 0.02500000 -0.04130491 -0.02500000 0.46408418 0.88543824 0.04130491 0.88543824 -0.46291795
0.70860787 -0.02500000 0.70515948 0.02500000 0.99963421 0.01031775 -0.70515948 0.01031775 0.70897367
-0.04606135 -0.07500000 -0.99611915 0.07500000 0.99410339 -0.07831629 0.99611915 -0.07831629 -0.04016474
-0.63568390 -0.12500000 0.76176176 0.12500000 0.95711142 0.26136704 -0.76176176 0.26136704 -0.59279532
0.97577566 -0.17500000 -0.13128923 0.17500000 0.98449976 -0.01162866 0.13128923 -0.01162866 0.99127590
-0.79981051 -0.22500000 -0.55648732 0.22500000 0.74711459 -0.62545566 0.55648732 -0.62545566 -0.54692511
0.21101910 -0.27500000 0.93800103 0.27500000 0.93755259 0.21300266 -0.93800103 0.21300266 0.27346650
0.47019092 -0.32500000 -0.82054585 0.32500000 0.92815559 -0.18138964 0.82054585 -0.18138964 0.54203533
-0.88316984 -0.37500000 0.28175527 0.37500000 -0.20367037 0.90437458 -0.28175527 0.90437458 0.32050053
0.82172650 -0.42500000 0.37965848 0.42500000 0.90084955 0.08857249 -0.37965848 0.08857249 0.92087695
-0.33972827 -0.47500000 -0.81176333 0.47500000 0.65828463 -0.58398317 0.81176333 -0.58398317 0.00198710
-0.28805749 -0.52500000 0.80087320 0.52500000 0.61285498 0.59057919 -0.80087320 0.59057919 0.09908753
0.72422076 -0.57500000 -0.38063013 0.57500000 0.80824671 -0.12693405 0.38063013 -0.12693405 0.91597404
-0.75484072 -0.62500000 -0.19897359 0.62500000 -0.59335187 -0.50725591 0.19897359 -0.50725591 0.83851115
0.39903967 -0.67500000 0.62059837 0.67500000 0.67433018 0.29942246 -0.62059837 0.29942246 0.72470949
0.11665765 -0.72500000 -0.67879746 0.72500000 0.52928724 -0.44071534 0.67879746 -0.44071534 0.58737040
-0.49964320 -0.77500000 0.38695178 0.77500000 -0.20039339 0.59934755 -0.38695178 0.59934755 0.70075019
0.56320318 -0.82500000 0.04666023 0.82500000 0.56459595 0.02462552 -0.04666023 0.02462552 0.99860723
-0.32875787 -0.87500000 -0.35537763 0.87500000 -0.14060928 -0.46325374 0.35537763 -0.46325374 0.81185141
0.00185358 -0.92500000 0.37996258 0.92500000 0.14595804 0.35081512 -0.37996258 0.35081512 0.85589555
0.14929615 -0.97500000 -0.16457721 0.97500000 0.17286332 -0.13961831 0.16457721 -0.13961831 0.97643283
